DCLM100DD74
DCLM100E4B6
DCLM100A3E9
DCLM10079E8
DCLM1005DFD
DCLM100A780
DCLM1013D40
DCLM10190C5
DCLM100D534
DCLM101211C
DCLM101B16C
DCLM100F3B5
DCLM1007479
DCLM101996D
DCLM1005BAD
DCLM1014D93
DCLM1007966
DCLM100AC4B
DCLM101944F
DCLM101491E
DCLM1017557
DCLM100810F
DCLM1009116
DCLM101B052
DCLM1006BFE
DCLM100C12C
DCLM1007018
DCLM101430C
DCLM101363F
DCLM1013185
DCLM1012CE7
DCLM1009DB4
DCLM101CDA5
DCLM101BE8E
DCLM100B40C
DCLM1007303
DCLM100C1DC
DCLM100A5D4
DCLM1007047
DCLM100CB6D
DCLM100641A
DCLM1012CEC
DCLM10118C8
DCLM101D62F
DCLM1013391
DCLM1017649
DCLM100DB81
DCLM101CBCA
DCLM100784D
DCLM1019460
DCLM100C93E
DCLM101ADA1
DCLM100F15C
DCLM1011D08
DCLM1014D30
DCLM101B32B
DCLM10147ED
DCLM100F87B
DCLM100C237
DCLM100BF93
DCLM1013414
DCLM100F768
DCLM1011AA2
DCLM101B20A
DCLM10154EE
DCLM100B9B8
DCLM100A1A9
DCLM1018CF2
DCLM10170EA
DCLM1016551
DCLM100A2B3
DCLM100D792
DCLM10129A9
DCLM100EBA8
DCLM1007063
DCLM100F4E4
DCLM101231F
DCLM100F865
DCLM10118A9
DCLM100BB09
DCLM101387C
DCLM1007FA8
DCLM1012977
DCLM100B0B0
DCLM1006D4F
DCLM1014D50
DCLM101243A
DCLM100BDEF
DCLM10138B5
DCLM1009EDC
DCLM100C648
DCLM100D285
DCLM1011D2D
DCLM100C02F
DCLM1017A01
DCLM100D4DA
DCLM1017208
DCLM101CAB4
DCLM100C5E6
DCLM101D5AC
DCLM1012D06
DCLM1009F8D
DCLM1016C34
DCLM100DB18
DCLM1013AC5
DCLM101D36F
DCLM1011C03
DCLM1008901
DCLM10122EC
DCLM100E4A5
DCLM1014AD2
DCLM10109DF
DCLM10083A2
DCLM1011141
DCLM10156C6
DCLM10131E8
DCLM10107F3
DCLM1015BB6
DCLM10189EF
DCLM1006492
DCLM1006A9B
DCLM10174A5
DCLM100D6BE
DCLM100C018
DCLM10161A3
DCLM101AB77
DCLM1016C84
DCLM101D9EF
DCLM101A319
DCLM10090AA
DCLM1010A6D
DCLM1007CFA
DCLM1012544
DCLM1010B53
DCLM1006E32
DCLM1013475
DCLM100C6D3
DCLM1008C98
DCLM100A0FF
DCLM1016352
DCLM100C689
DCLM100AE8A
DCLM101C1F9
DCLM1009665
DCLM100DF71
DCLM100DD9A
DCLM100EC73
DCLM101874C
DCLM100EE06
DCLM101353C
DCLM101B095
DCLM100D5D2
DCLM10067B7
DCLM101ABDF
DCLM100A8A2
DCLM100CC81
DCLM10064A5
DCLM1018D7A
DCLM1019EDF
DCLM101B398
DCLM1015077
DCLM10133C2
DCLM101CB8D
DCLM101C49B
DCLM1014719
DCLM100AC22
DCLM100C208
DCLM100E7EA
DCLM100CF51
DCLM10114DB
DCLM1013A11
DCLM101490A
DCLM100A352
DCLM1019005
DCLM100E6D7
DCLM100C357
DCLM10076AF
DCLM101D50B
DCLM1016AB4
DCLM101D887
DCLM100914B
DCLM1010790
DCLM101B96F
DCLM101982D
DCLM101B624
DCLM100D898
DCLM100ECF2
DCLM101B49D
DCLM1019C01
DCLM1011D74
DCLM100965A
DCLM1008894
DCLM100E7FC
DCLM101009D
DCLM1012700
DCLM1011884
DCLM1013AA0
DCLM100F2CD
DCLM1012FE7
DCLM1009820
DCLM101DC01
DCLM100EC96
DCLM1016872
DCLM101B084
DCLM1009B73
DCLM10112F1
DCLM1013AF7
DCLM101497A
DCLM100F2E1
DCLM101CA61
DCLM101941C
DCLM100BC05
DCLM1007E27
DCLM1011296
DCLM101213E
DCLM101C51C
DCLM1011FDB
DCLM1017636
DCLM101551D
DCLM100E9C3
DCLM100CF31
DCLM10119CB
DCLM10167D7
DCLM1010E91
DCLM1006FB6
DCLM1012D7C
DCLM101D743
DCLM1014114
DCLM101AF12
DCLM1017327
DCLM10131A5
DCLM1017CAA
DCLM101D37F
DCLM101C0DE
DCLM10070C0
DCLM100A91C
DCLM100B284
DCLM100835D
DCLM100B74E
DCLM1009382
DCLM10085B3
DCLM100E292
DCLM1007405
DCLM10089E7
DCLM101B255
DCLM101B96B
DCLM101DC45
DCLM1014D9F
DCLM101751A
DCLM100EDEC
DCLM101DE3A
DCLM1010449
DCLM1007666
DCLM101560A
DCLM1011A34
DCLM101CCED
DCLM100CC36
DCLM1007E4C
DCLM1009076
DCLM100F061
DCLM101B25D
DCLM1012986
DCLM1008218
DCLM100FA49
DCLM101B792
DCLM100A6BF
DCLM1008B49
DCLM1017010
DCLM1009F67
DCLM1015BBA
DCLM1009435
DCLM1011B15
DCLM1008297
DCLM100A1A1
DCLM100B936
DCLM10194A4
DCLM101261D
DCLM101BA87
DCLM100FB41
DCLM100BBF8
DCLM101742F
DCLM1012C0A
DCLM100ECCE
DCLM1006DD5
DCLM1009716
DCLM101D54B
DCLM10104CD
DCLM100AE48
DCLM100D9F0
DCLM10111E3
DCLM1005AA1
DCLM1008453
DCLM101CF07
DCLM1011172
DCLM1005A1D
DCLM101529E
DCLM100640C
DCLM101CFAA
DCLM101AC0F
DCLM101D73B
DCLM10117C9
DCLM1005B4F
DCLM1011C18
DCLM100DC05
DCLM10155C7
DCLM100CA26
DCLM1008964
DCLM1016EF0
DCLM100B8E7
DCLM101D986
DCLM100A4BC
DCLM100F5BD
DCLM10068AC
DCLM101568B
DCLM1006717
DCLM1014991
DCLM1016F57
DCLM101D9FE
DCLM101CC75
DCLM100C5DB
DCLM100C465
DCLM1016D0C
DCLM100C32A
DCLM100F454
DCLM1018B34
DCLM1006F58
DCLM10099AF
DCLM10093B0
DCLM1008BE8
DCLM100B46C
DCLM100980D
DCLM1005F06
DCLM101B920
DCLM10155ED
DCLM1019DE3
DCLM101A9EC
DCLM101BBF6
DCLM10171BD
DCLM1007BE9
DCLM101019C
DCLM1017D5A
DCLM100D126
DCLM1019A9A
DCLM1008C20
DCLM101ACE6
DCLM1012781
DCLM100D740
DCLM10069A6
DCLM1005CE0
DCLM101AD72
DCLM10131AA
DCLM1017279
DCLM10139DC
DCLM1012FEA
DCLM10072E9
DCLM100DDD1
DCLM10154AA
DCLM101318A
DCLM101C352
DCLM100C084
DCLM100DEC8
DCLM1005948
DCLM1009859
DCLM1006B2C
DCLM101994C
DCLM1007C81
DCLM101D6EB
DCLM1007EB6
DCLM101B7B8
DCLM101D60D
DCLM100E9CC
DCLM100EE7E
DCLM100C093
DCLM100F245
DCLM100F824
DCLM100C8E2
DCLM101CB0F
DCLM100868A
DCLM100BB3E
DCLM10091B8
DCLM101BCDB
DCLM1018388
DCLM100EAFD
DCLM100EF1A
DCLM101BF27
DCLM10177D5
DCLM1014952
DCLM101811D
DCLM100E31C
DCLM100CAF4
DCLM101CB1F
DCLM101B29C
DCLM100F50F
DCLM100D6CD
DCLM101D22F
DCLM101AD10
DCLM100CD6F
DCLM1011115
DCLM101C8AC
DCLM1015C41
DCLM101C5DC
DCLM101AA55
DCLM100DF4A
DCLM1009AB1
DCLM1010DA0
DCLM10078C1
DCLM10102A5
DCLM1016CAA
DCLM101C519
DCLM1008E5D
DCLM101A7FA
DCLM1018BC3
DCLM101919B
DCLM1011331
DCLM101BD54
DCLM100B931
DCLM101AF6B
DCLM1007E04
DCLM10094D1
DCLM1011C05
DCLM10169B9
DCLM101DDCF
DCLM100B611
DCLM1008ABA
DCLM101A062
DCLM1013926
DCLM10136C5
DCLM101B7FA
DCLM101BAC6
DCLM1017615
DCLM1007130
DCLM1015B67
DCLM1017E82
DCLM101177A
DCLM101B35C
DCLM100CA63
DCLM101200E
DCLM1013000
DCLM100EC24
DCLM10106A4
DCLM100ACC0
DCLM1009D9C
DCLM1016BFE
DCLM1019F3C
DCLM10179E5
DCLM101C356
DCLM10071E2
DCLM10123BC
DCLM101743A
DCLM101A43E
DCLM1018175
DCLM101A1BB
DCLM101C69D
DCLM101A73C
DCLM1013B15
DCLM1016F4E
DCLM100A1EB
DCLM1019A78
DCLM1009F79
DCLM1014437
DCLM100B718
DCLM1007447
DCLM100D06A
DCLM101896B
DCLM10146E7
DCLM10199C8
DCLM100AFA6
DCLM1013EEC
DCLM100AD9D
DCLM1011C32
DCLM1014B5D
DCLM1009E7C
DCLM100A6D5
DCLM1019EE1
DCLM1006EE4
DCLM1014658
DCLM100844A
DCLM1012431
DCLM10177E0
DCLM101B20C
DCLM101B6A1
DCLM1006B66
DCLM1011400
DCLM1005DF7
DCLM10194CF
DCLM1018CFD
DCLM101D4C5
DCLM1007782
DCLM100DD70
DCLM1008DDC
DCLM1018CF4
DCLM101DDF3
DCLM101364B
DCLM1011FFC
DCLM101531A
DCLM1018268
DCLM10071DF
DCLM1015FEC
DCLM1015069
DCLM100804E
